insert into Genres(id, genres_title)values
	(1, 'Реп'),		
	(2, 'Поп'),
	(3, 'Хип-хоп'),
	(4, 'Рок'),
	(5, 'Джаз-рок');
	

insert into Performers(id, name_nickname)values
	(1, 'Василий Вакуленко'),
	(2, 'Валерия'),
	(3, 'Kizaru'),
	(4, 'Алёна Апина'),
	(5, 'Звери'),
	(6, 'Ани Лорак'),
	(7, 'Аукцыон'),
	(8, 'Quando Rondo')
	;
	
insert into GenresPerformers(performers_id, genres_id)values
	(1, 1), (1, 2), (1, 3), (1, 4), (1, 5),
	(2, 1), (2, 2), (2, 3), (2, 4), (2, 5),
	(3, 1), (3, 2), (3, 3), (3, 4), (3, 5),
	(4, 1), (4, 2), (4, 3), (4, 4), (4, 5),
	(5, 1), (5, 2), (5, 3), (5, 4), (5, 5),
	(6, 1), (6, 2), (6, 3), (6, 4), (6, 5),
	(7, 1), (7, 2), (7, 3), (7, 4), (7, 5),
	(8, 1), (8, 2), (8, 3), (8, 4), (8, 5)
	;

insert into Albums(id, albums_title, year_release)values
	(1, 'Баста 5', 2016),
	(2, 'К солнцу', 2017),
	(3, 'Назад в будущее', 2018),
	(4, 'Давай так', 2018),
	(5, 'У тебя в голове', 2019),
	(6, 'За мечтой', 2019),
	(7, 'Мечты', 2020),
	(8, 'QPac', 2020)
	;

insert into PerformersAlbums(albums_id, performers_id)values
	(1, 1), (1, 2), (1, 3), (1, 4), (1, 5), (1, 6), (1, 7), (1, 8),
	(2, 1), (2, 2), (2, 3), (2, 4), (2, 5), (2, 6), (2, 7), (2, 8),
	(3, 1), (3, 2), (3, 3), (3, 4), (3, 5), (3, 6), (3, 7), (3, 8),
	(4, 1), (4, 2), (4, 3), (4, 4), (4, 5), (4, 6), (4, 7), (4, 8),
	(5, 1), (5, 2), (5, 3), (5, 4), (5, 5), (5, 6), (5, 7), (5, 8),
	(6, 1), (6, 2), (6, 3), (6, 4), (6, 5), (6, 6), (6, 7), (6, 8),
	(7, 1), (7, 2), (7, 3), (7, 4), (7, 5), (7, 6), (7, 7), (7, 8),
	(8, 1), (8, 2), (8, 3), (8, 4), (8, 5), (8, 6), (8, 7), (8, 8)
	;

insert into Tracks(id, tracks_title, duration, album_id)values
	(1, 'Я смотрю на небо', 00:04:24, 1),
	(2, 'Хочу к тебе', 00:03:41, 1),
	(3, 'Я живу', 00:03:20, 2),
	(4, 'Мелодия', 00:03:33, 2),
	(5, 'Невероятно', 00:03:03, 3),
	(6, 'Долгий путь', 00:03:24, 3),
	(7, 'Давай так', 00:03:18, 4),
	(8, 'Елена', 00:03:51, 4),
	(9, 'Мотылёк', 00:03:13, 5),
	(10, 'У тебя в голове', 00:03:55, 5),
	(11, 'Небо', 00:03:03, 6),
	(12, 'Запомни эту любовь', 00:03:19, 6),
	(13, 'Мечты', 00:07:53, 7),
	(14, 'Каникулы', 00:04:25, 7),
	(15, 'Real Love', 00:02:25, 8),
	(16, 'Letter to My Daughter', 00:03:10, 8)
	;
	
insert into Collection(id, collection_title, year_release)values
	(1, 'Сборник1', 2017),
	(2, 'Сборник2', 2018),
	(3, 'Сборник3', 2019),
	(4, 'Сборник4', 2019),
	(5, 'Сборник5', 2020),
	(6, 'Сборник6', 2020),
	(7, 'Сборник7', 2021),
	(8, 'Сборник8', 2021)
	;
	
insert into TracksCollection(tracks_id, collection_id)values
	(1, 1), (1, 2), (1, 3), (1, 4), (1, 5), (1, 6), (1, 7), (1, 8),
	(2, 1), (2, 2), (2, 3), (2, 4), (2, 5), (2, 6), (2, 7), (2, 8),
	(3, 1), (3, 2), (3, 3), (3, 4), (3, 5), (3, 6), (3, 7), (3, 8),
	(4, 1), (4, 2), (4, 3), (4, 4), (4, 5), (4, 6), (4, 7), (4, 8),
	(5, 1), (5, 2), (5, 3), (5, 4), (5, 5), (5, 6), (5, 7), (5, 8),
	(6, 1), (6, 2), (6, 3), (6, 4), (6, 5), (6, 6), (6, 7), (6, 8),
	(7, 1), (7, 2), (7, 3), (7, 4), (7, 5), (7, 6), (7, 7), (7, 8),
	(8, 1), (8, 2), (8, 3), (8, 4), (8, 5), (8, 6), (8, 7), (8, 8),
	(9, 1), (9, 2), (9, 3), (9, 4), (9, 5), (9, 6), (9, 7), (9, 8),
	(10, 1), (10, 2), (10, 3), (10, 4), (10, 5), (10, 6), (10, 7), (10, 8),
	(11, 1), (11, 2), (11, 3), (11, 4), (11, 5), (11, 6), (11, 7), (11, 8),
	(12, 1), (12, 2), (12, 3), (12, 4), (12, 5), (12, 6), (12, 7), (12, 8),
	(13, 1), (13, 2), (13, 3), (13, 4), (13, 5), (13, 6), (13, 7), (13, 8),
	(14, 1), (14, 2), (14, 3), (14, 4), (14, 5), (14, 6), (14, 7), (14, 8),
	(15, 1), (15, 2), (15, 3), (15, 4), (15, 5), (15, 6), (15, 7), (15, 8),
	(16, 1), (16, 2), (16, 3), (16, 4), (16, 5), (16, 6), (16, 7), (16, 8)
	;